1
16
16
31
31
32
32
33
33
18
18
3
3
4
4
5
5
6
6
7
7
8
8
9
9
24
24
39
39
54
54
69
5
20
20
35
35
36
36
37
69
68
68
67
67
66
66
65
65
64
64
63
63
62
62
61
61
76
76
91
91
92
92
93
93
94
69
70
70
71
71
56
56
41
41
26
26
11
11
12
12
13
13
14
14
15
15
30
30
45
45
44
44
43
43
42
42
41
43
58
58
73
73
74
74
89
89
104
104
105
104
103
103
102
102
101
101
100
100
99
99
98
98
83
83
68
100
115
115
130
130
131
130
129
129
128
128
127
127
126
126
111
111
96
126
125
125
124
124
123
123
122
123
138
138
153
153
152
152
151
151
166
166
181
181
182
182
183
183
184
184
199
199
214
214
213
213
212
212
211
184
185
185
186
186
187
187
188
188
203
218
217
216
188
189
189
190
190
205
205
220
220
221
221
222
222
223
223
224
224
225
223
208
208
193
193
192
192
177
177
162
162
161
161
160
160
145
145
130
187
172
172
157
157
158
158
173
172
173
158
143
143
128
125
140
140
155
162
163
163
164
164
165
165
180
180
195
163
148
148
133
133
134
134
135